119.16999264221926
9.79792128340241
6.865545789372595
5.661209393174162
0.6198458887152265
5.800721513514431
25.151969982481912
3.200176598780897
39.50503624493051
6.838345440364774
98.09214111522805
47852.99891160648
99.96375291507259
5.475585612479203
6.36706913712152
21196.194650188052
72.97087742983412
93.67700428133348
21.959772868311692
6.614133310733716
4.605110874754138
26.02347201583742
130.5466037539967
115.78889014727781
92.15340667720143
90.91733088938656
6.167966668554035
125.58544274061327
143.90039139591696
4.935233403645508
6.583925947865792
1533.0904084002807
111.27617385683125
3.200176598780897
7129.262886774151
26.60756103676157
199.0194175800597
3.204133752381483
7501.679995622243
118.98853124096888
53026.073047082915
22.815774057117906
111.34417885659438
6.012964703018257
38.01225252119455
89.24934436807666
26.084362539755602
9.052753426786344
435.5155955736739
3.200176598780897
5.800721513514431
25.062086083651817
6.167966668554035
8.68692207746876
5.318049766522354
21.373796171099457
846.1783506065167
3572.094871566817
564.92597024821
26.232119678615206
3.200176598780897
9.660615924271266
110.38613329346062
417.5123195034052
114.83217258975303
5.96488360806045
21.373796171099457
5.96488360806045
26.38668691709863
70.10049297480302
21902.565483850303
53.17429012547881
115.46438926606852
3.202342129746101
24.339035025705176
2.342846049971758
36160.22594091161
21.32384293945133
22.495065070078876
6.3874839349421
8.123893820340866
6.081641604712206
33.75268312366505
26.01271343091745
9.761064041540816
5.992460863162501
124.06888193445384
91695.83013728989
14.966924783206522
20.631767168290644
6.583925947665486
20045.889309299015
454.8724467237179
10.272221938016479
143.132443632538
22.071091188259548
8.164798836611308
23.97412774577913
3.202342129746101
0.5498817717291299
112.7512902573832
3.200176598780897
9.557945213406077
3.200176598780897
4.790493911260346
5.96488360806045
111.71926402607137
18.84900632976888
97.95120543839889
6.053112369803675
704.2468681565333
273.8769751322204
9.181856325371113
849.6254647927925
30.506883361925784
24.768819655685935
5.063698449404592
101.61871730461822
5.800721513514431
8.123893820340866
28.113499275755927
92.7775663305523
3.200176598780897
22.815774057117906
25.013674523349255
62.139230465150504
6.153673709362099
3418.5608848333477
3.200176598780897
91.90946487439783
3.2209035063857323
8.855712232907225
6.137790140497815
3.206705735367186
92.04194338981422
144.78534886637368
28.169176753779468
89.77208320882394
7.5130465114446965
111.88862944624178
107.70195696737909
29.778366962606754
3.200176598780897
3.202696514628483
18.99535282866802
28.169176753779468
5.178537618982579
3.200176598780897
3.202696514628483
117.48055933048445
431.3900310258683
10440.671540445544
6.167966668554035
29.396502379864323
26.073151175882746
8.191304777644033
3.200176598780897
340.05181951625275
6.660450306885529
194.9345513072422
28.1922885857686
3.200176598780897
147.44821717275838
8.268972849347104
145.96671326534187
108.65022871140826
88.89621174856853
1102.6152627251493
7.203624031275205
5.96488360806045
86.78110408897618
3.200176598780897
5.063698449404592
0.926996800577128
22.621239081778178
24.289279637235317
460.39723602732136
3.200176598780897
6.3874839349421
99.92830259642122
364.01631149013775
23.283200883493887
593.6936835515094
6.69880322098969
112.31953719511928
5.96488360806045
25.942260941793826
6.428248479383559
90.05275584135221
24.187369863407138
28.169176720260346
3.20017659784865
6.386761338629857
24.68761467806022
172.81844337920822
21.32384293945133
92.29725655781995
5.787053122770365
3.200176598780897
26.219543357491926
61.81611390949802
7.540199243843616
3.200176598780897
17565.659341620303
3.200176598780897
21.32384293945133
5.832979218247803
53.239495821013506
10.198268459056484
114.44100092956391
5.82820342132646
91.42139129268052
58.33269236162568
3.202696514628483
5.063698449404592
5.456216413545552
23.977055227979253
5.976548494126445
412.3966910919661
35890.71212950601
5.0341831595092446
6.053112369803675
181.4392378936673
6.715447158251449
5.573636919077465
0.5212040116550117
5.183330697863514
20.32453139002818
9.37022336577527
398.6937560208874
7.407320285492541
8.700994454590155
3.202342129746101
3.200176598780897
4.908108975434765
26.232119678615206
7.198081933330745
26.215271908988292
165.64885488317023
432.9095811102027
6.428248479383559
18621.817313290892
3.200176598780897
51.00717357535353
25.24233468674425
1.3610220941413822
117.48055933048445
54.83510066241714
42478.72616068091
114.33558476324939
49.84985957677733
25.660584411563
20.139458429088343
525.5718624955765
375.03280394143604
110.74001472734437
91.40850637471037
6.167966668554035
3690.556542844712
107.70507238400387
122.84894773304052
6.130096234118198
8.374806530939878
96.36962344362365
111.37243135996809
116.75472816373245
88.89603651747235
5.96488360806045
3.202696514628483
6.660450305375861
140.16299184490578
94.11639599647498
5.063698449404592
6.673522025775424
5.82820342132646
3.202759648668642
27.8828002194443
112.95626899576763
355.66503216126637
5.482215050746314
10.294564519104807
8.374806530939878
3.200176598780897
3.202342129746101
117.59405393398931
367.4100373712885
24.687095725794318
91.21689487618768
5.962946174215487
3.202342129746101
310.4392987852082
6.394518437259605
89.87982714422178
49.693960132179214
3.520169446523905
6.846375449148097
5.671012317735222
7.191333840684964
127.56732686186284
368.67399873076846
5.800721513514431
3.200176598780897
217.56572734122398
4.061491712322584
141.22842808803097
166.57603136500327
104.03290138113545
382.45568597347113
5.477143023213133
24.347185748148455
84.27643634861101
117.90968674326271
89.85676053068865
84.27643634861101
107.91345767886733
423.41885691279543
5.170070320545998
3.200176598780897
395.2827179922655
90.2443101701994
23.326529415228404
3.200176598780897
27.222291743032986
91.46905237492369
5.9583302014244826
473.6656195220715
35.07562461412177
98.06133098149806
13491.957783910822
8.051584924629026
848.6183451138374
5.318049766522354
8.123893820340866
811.9597764147484
30.77604660703526
171.87305509625537
3.200176598780897
61.31309084478483
61.5381050870824
90.53250970544279
49.816736710215345
126.85646559209964
86295.95033182402
8.462850843838533
92.74704127759503
93.26916836388013
25.20260325318004
21.32384293945133
23.571505212184267
109533.39688618788
91.22918776691779
6.4282484637706645
3.202696514628483
29.7578464193376
8.94123781313927
5.800721513514431
26.771546688534816
6.69880322098969
138.22088392971017
3.200176598780897
24.768819655685935
23.391376094093484
21.03457997839575
4.973550336985851
3.2905500622155226
32606.885322940507
1.3610220941413822
6.1617569985532805
84.27643634861101
8.123893820340866
6.167966668554035
6.471657811280261
3.200176598780897
5.664248890461511
5.572912570127841
4.699369191827963
6.3874839349421
6.053112369803675
9.543986118561888
92.15340667720143
3.200176598780897
5.260149638252597
5.101866138765114
8285.160462339369
6.053112369803675
23256.539942159732
7.512074862665741
117.04412277209946
